realtime.interval=2
googleMap.cnOffsetLat=-0.003061370023
googleMap.cnOffsetLon=0.001292824745

